2.977398323925972266e+13 5.938891806073388624e-01
5.262863971331385156e+13 9.571194585060648352e-01
7.336274387741437500e+13 1.026992770545716915e+00
9.734384529630275000e+13 1.019138155120795419e+00
1.202033503852650000e+14 9.280713076800337635e-01
1.405200369220238438e+14 8.227582684881312725e-01
1.652861941670538438e+14 7.358154038158366550e-01
1.892464141589341250e+14 7.123176431701793154e-01
2.116682911885768125e+14 4.738073589930122953e-01
2.361384377164480938e+14 6.170588843124084066e-01
2.573241551580576250e+14 4.829140543290720844e-01
2.799024507758432500e+14 4.636734835084518891e-01
3.092852736140883750e+14 3.247904154198492654e-01
3.264311527434735000e+14 4.910488625016943831e-01
3.466613308963130625e+14 4.992829763166379831e-01
3.698235307173513750e+14 4.453655601383478269e-01
4.045661676446577500e+14 2.974186354301579516e-01
4.100234891398677500e+14 2.996497633212412137e-01
4.460996165965770625e+14 2.607740604929674189e-01
5.556326367783867500e+14 1.335504386124142795e-01
5.952114964038341250e+14 1.562032598751497414e-01
6.163837444252830000e+14 2.297499250035695828e-01
6.408209077246167500e+14 1.701107473217009780e-01
6.633783341116650000e+14 2.766671158699436361e-01
6.930753919790380000e+14 3.238582407916228978e-01
7.169103113101863750e+14 3.187621658123278023e-01
7.358158323439496250e+14 2.145519467273775127e-01
