2.835695635093568750e+13 8.508144338808260043e-01
4.735711731597480469e+13 1.162047500465894556e+00
6.433974180516250000e+13 1.497458843988986432e+00
8.259182035915154688e+13 1.355845541833676782e+00
1.014905056332270000e+14 1.260785486533313682e+00
1.186229937316030469e+14 1.038999251720169381e+00
1.383617930803067969e+14 9.300581569267601934e-01
1.583200513940930000e+14 6.873772637972546118e-01
1.744036036733753750e+14 6.634168156582475051e-01
1.963769063455921875e+14 8.194118770524420059e-01
2.146284978393224688e+14 5.901975642214249973e-01
2.315307050764052188e+14 4.849707055672970446e-01
2.508328541499289688e+14 7.138792140952454623e-01
2.652393651903206250e+14 7.886024609585274847e-01
2.907842067460710625e+14 6.999333814582330282e-01
3.051124783521575000e+14 6.134709076110188564e-01
3.254803087732515625e+14 6.723949594240029581e-01
3.449040244990048750e+14 5.857730381175670908e-01
3.541174377677519375e+14 5.677135734632265951e-01
3.975847802121625000e+14 4.237324286958622510e-01
4.340022341159290000e+14 2.984731727086236130e-01
4.548741671023567500e+14 2.491423260803774797e-01
4.714821758794052500e+14 2.386684396828341603e-01
4.932708019433835000e+14 2.665794417172884789e-01
5.123668260002783750e+14 2.902264739616182698e-01
5.464489936655175625e+14 1.533452096841790846e-01
5.674222295791542500e+14 1.811933180124970511e-01
5.828111701302330000e+14 1.707430270427082453e-01
6.082776078195881250e+14 3.408304219710803773e-01
6.334817291264705000e+14 1.971294217627752865e-01
6.598579923973115000e+14 2.522887762287444047e-01
6.815821335671821250e+14 2.153284638888067204e-01
6.860507446222545000e+14 2.476009862458821431e-01
7.185319927615467500e+14 3.614332617635402922e-01
7.242480581996570000e+14 3.447808501770441292e-01
7.514690322525160000e+14 4.138571434951220929e-01
7.644445293013705000e+14 4.460499598433951274e-01
