3.125401110954499023e+12 1.910382269897721086e+00
5.460933101587843750e+12 3.154032460834963913e+00
7.827324453417956055e+12 3.687078355889279901e+00
1.028113224263586914e+13 2.874060189130507759e+00
1.255823995879844141e+13 2.740720399242776661e+00
1.515260492258795703e+13 2.718129745410168052e+00
1.823476117985815625e+13 2.197134032313274421e+00
2.009223981893033203e+13 2.363001168742435265e+00
2.248562183616483594e+13 2.351191141417094066e+00
2.479888051196842188e+13 1.623347078689066914e+00
2.674143852306732422e+13 1.034841135928024958e+00
3.039052859404877344e+13 1.828135106235538210e+00
3.143876728955094922e+13 9.325820553030145232e-01
3.372360428862737500e+13 1.220350228946202709e+00
3.561807655040452344e+13 1.248351746423692399e+00
4.165011035629107812e+13 1.048886808741203547e+00
4.316066819955184375e+13 8.780401058930987768e-01
4.554653699903710938e+13 9.545361967154899485e-01
5.045049462783242188e+13 3.808671503946008952e-01
5.534908381146660938e+13 2.701185779406582999e-01
5.781275356571620312e+13 4.434986872779836387e-01
6.128389827639725000e+13 6.125731339464444147e-01
6.342595807528004688e+13 8.114302855710201490e-01
6.623137093928442969e+13 7.327402229980973791e-01
6.830822977036418750e+13 6.773165449147078299e-01
6.901164419623367188e+13 8.818702204712229875e-01
7.157933299655556250e+13 1.008239107720722005e+00
7.471063217527307812e+13 1.038494024891301271e+00
