2.282448101778500977e+12 2.264837670724523022e+00
4.455302870606100586e+12 3.750955981330819089e+00
6.394167351282020508e+12 4.813893758382159938e+00
8.148904253824129883e+12 4.500184382955431772e+00
1.017324402368380664e+13 3.422003366243462796e+00
1.197232433951142773e+13 3.725998122539068369e+00
1.382965239829561133e+13 2.517446658849838759e+00
1.577303574932384375e+13 2.733634375248817694e+00
1.778212314830356250e+13 2.349223528642622405e+00
2.009640339635296094e+13 2.124140532245015311e+00
2.178892805953519531e+13 2.396665629333416092e+00
2.373436867144050000e+13 2.444147102206113864e+00
2.550138318509053516e+13 2.024063170938205314e+00
2.773689991543733594e+13 1.273669077549125728e+00
2.871839496408891016e+13 6.971172340151822189e-01
3.131724379918191406e+13 2.256493478440499523e+00
3.362115751938963672e+13 1.741020074984858335e+00
3.511962433720488281e+13 1.839344597151180594e+00
3.763391249575253906e+13 1.202526202452764537e+00
3.940924583061438281e+13 1.355052484722377715e+00
4.180019318575657031e+13 1.368942516971437984e+00
4.788415812471406250e+13 9.290948056993861837e-01
5.080281420843454688e+13 4.996497285811093425e-01
5.178962468297077344e+13 6.334128962730481982e-01
5.399265711121476562e+13 2.909662653551087774e-01
5.570383120543742188e+13 7.034010066138869366e-01
5.746770419791522656e+13 3.777134308364641924e-01
6.078180822703987500e+13 3.821849448017066719e-01
6.241237895434293750e+13 4.914773490942108691e-01
6.551812048831512500e+13 7.455917785299849276e-01
6.781861894852935938e+13 6.589386882729737493e-01
7.009882676565321094e+13 9.436216815316863515e-01
7.154197602140635938e+13 1.040610973301450137e+00
7.515957611386518750e+13 1.423241540146822581e+00
7.702836084908589062e+13 1.361983548477718076e+00
